# unix_time, cycles_done, cur_path, paths_total, pending_total, pending_favs, map_size, unique_crashes, unique_hangs, max_depth, execs_per_sec
1737672856, 0, 0, 44, 44, 28, 5.87%, 0, 0, 1, 16.41
1737672867, 0, 0, 45, 45, 28, 5.88%, 0, 0, 2, 146.37
1737672872, 0, 2, 45, 44, 28, 5.88%, 0, 0, 2, 27.19
1737672877, 0, 2, 65, 64, 28, 6.13%, 0, 0, 2, 11.84
1737672882, 0, 2, 68, 67, 28, 6.13%, 0, 0, 2, 10.28
1737672887, 0, 2, 77, 76, 28, 6.18%, 0, 0, 2, 43.65
1737672892, 0, 2, 83, 82, 28, 6.21%, 0, 0, 2, 33.53
1737672903, 0, 2, 85, 84, 28, 6.21%, 0, 0, 2, 25.37
1737672908, 0, 2, 95, 94, 28, 6.21%, 0, 0, 2, 21.93
1737672913, 0, 2, 107, 106, 28, 6.21%, 0, 0, 2, 22.33
1737672918, 0, 2, 116, 115, 28, 6.21%, 0, 0, 2, 22.25
1737672923, 0, 2, 125, 124, 28, 6.21%, 0, 0, 2, 24.72
1737672928, 0, 2, 133, 132, 28, 6.21%, 0, 0, 2, 24.97
1737672933, 0, 2, 138, 137, 28, 6.21%, 0, 0, 2, 22.37
1737672938, 0, 2, 142, 141, 28, 6.22%, 0, 0, 2, 24.93
1737672943, 0, 2, 147, 146, 28, 6.22%, 0, 0, 2, 23.05
1737672948, 0, 2, 150, 149, 28, 6.22%, 0, 0, 2, 28.40
1737672954, 0, 2, 154, 153, 28, 6.22%, 0, 0, 2, 23.96
1737672959, 0, 2, 161, 160, 28, 6.22%, 0, 0, 2, 21.34
1737672964, 0, 2, 165, 164, 28, 6.22%, 0, 0, 2, 20.28
1737672969, 0, 2, 171, 170, 28, 6.22%, 0, 0, 2, 20.24
1737672974, 0, 2, 176, 175, 28, 6.22%, 0, 0, 2, 20.64
1737672979, 0, 2, 182, 181, 28, 6.22%, 0, 0, 2, 21.17
1737672984, 0, 2, 185, 184, 28, 6.22%, 0, 0, 2, 18.85
1737672989, 0, 2, 187, 186, 28, 6.22%, 0, 0, 2, 19.02
1737672995, 0, 2, 189, 188, 28, 6.22%, 0, 0, 2, 18.61
1737673000, 0, 2, 195, 194, 28, 6.22%, 0, 0, 2, 18.63
1737673005, 0, 2, 199, 198, 28, 6.22%, 0, 0, 2, 17.60
1737673010, 0, 2, 201, 200, 28, 6.22%, 0, 0, 2, 18.86
1737673015, 0, 2, 204, 203, 28, 6.22%, 0, 0, 2, 17.56
1737673020, 0, 2, 206, 205, 28, 6.22%, 0, 0, 2, 16.06
1737673025, 0, 2, 208, 207, 28, 6.22%, 0, 0, 2, 17.20
1737673031, 0, 2, 209, 208, 28, 6.22%, 0, 0, 2, 16.77
1737673041, 0, 2, 215, 214, 28, 6.25%, 0, 0, 2, 17.65
1737673056, 0, 2, 216, 215, 28, 6.25%, 0, 0, 2, 23.21
1737673072, 0, 2, 217, 216, 28, 6.25%, 0, 0, 2, 25.40
1737673087, 0, 2, 219, 218, 28, 6.25%, 0, 0, 2, 23.15
1737673092, 0, 2, 220, 219, 28, 6.25%, 0, 0, 2, 22.62
1737673097, 0, 2, 221, 220, 28, 6.25%, 0, 0, 2, 21.76
1737673102, 0, 2, 223, 222, 28, 6.25%, 0, 0, 2, 21.77
1737673108, 0, 2, 224, 223, 28, 6.25%, 0, 0, 2, 20.10
1737673113, 0, 2, 225, 224, 28, 6.25%, 0, 0, 2, 21.38
1737673118, 0, 2, 226, 225, 28, 6.25%, 0, 0, 2, 19.18
1737673128, 0, 2, 228, 227, 28, 6.25%, 0, 0, 2, 18.65
1737673133, 0, 2, 229, 228, 28, 6.25%, 0, 0, 2, 17.82
1737673144, 0, 2, 231, 230, 28, 6.25%, 0, 0, 2, 16.08
1737673164, 0, 2, 232, 231, 28, 6.26%, 0, 0, 2, 15.93
1737673190, 0, 2, 233, 232, 28, 6.26%, 0, 0, 2, 25.67
1737673210, 0, 2, 234, 233, 28, 6.26%, 0, 0, 2, 21.76
1737673220, 0, 2, 237, 236, 28, 6.26%, 0, 0, 2, 20.41
1737673225, 0, 2, 238, 237, 28, 6.26%, 0, 0, 2, 19.69
1737673230, 0, 2, 240, 239, 28, 6.26%, 0, 0, 2, 18.50
1737673236, 0, 2, 241, 240, 28, 6.26%, 0, 0, 2, 19.47
1737673241, 0, 2, 244, 243, 28, 6.26%, 0, 0, 2, 18.47
1737673251, 0, 2, 246, 245, 28, 6.26%, 0, 0, 2, 16.64
1737673256, 0, 2, 247, 246, 28, 6.26%, 0, 0, 2, 16.63
1737673374, 0, 2, 248, 247, 28, 6.26%, 0, 0, 2, 31.33
1737673626, 0, 2, 249, 248, 28, 6.26%, 0, 0, 2, 22.35
1737673698, 0, 2, 250, 249, 28, 6.26%, 0, 0, 2, 19.82
1737673703, 0, 2, 251, 250, 28, 6.26%, 0, 0, 2, 18.85
1737673708, 0, 2, 252, 251, 28, 6.26%, 0, 0, 2, 21.30
1737673738, 0, 2, 254, 253, 28, 6.26%, 0, 0, 2, 18.86
1737673764, 0, 2, 255, 254, 28, 6.26%, 0, 0, 2, 21.15
1737673769, 0, 2, 256, 255, 28, 6.26%, 0, 0, 2, 19.60
1737673795, 0, 2, 257, 256, 28, 6.26%, 0, 0, 2, 19.09
1737673821, 0, 2, 258, 257, 28, 6.26%, 0, 0, 2, 17.87
1737673831, 0, 2, 259, 258, 28, 6.26%, 0, 0, 2, 17.23
1737673846, 0, 2, 260, 259, 28, 6.26%, 0, 0, 2, 18.98
1737674169, 0, 2, 261, 260, 28, 6.26%, 0, 0, 2, 20.56
1737674215, 0, 2, 262, 261, 28, 6.26%, 0, 0, 2, 16.75
1737674277, 0, 2, 263, 262, 28, 6.26%, 0, 0, 2, 22.77
1737674292, 0, 2, 264, 263, 28, 6.26%, 0, 0, 2, 20.07
1737674323, 0, 2, 265, 264, 28, 6.26%, 0, 0, 2, 16.00
1737674496, 0, 2, 266, 265, 28, 6.26%, 0, 0, 2, 22.43
1737674527, 0, 2, 267, 266, 28, 6.26%, 0, 0, 2, 18.29
1737674532, 0, 2, 268, 267, 28, 6.26%, 0, 0, 2, 19.14
1737674543, 0, 2, 269, 268, 28, 6.26%, 0, 0, 2, 18.40
1737674692, 0, 2, 270, 269, 28, 6.26%, 0, 0, 2, 139.49
1737674923, 0, 2, 271, 270, 28, 6.26%, 0, 0, 2, 20.40
1737675004, 0, 2, 272, 271, 28, 6.26%, 0, 0, 2, 18.96
1737675056, 0, 2, 273, 272, 28, 6.26%, 0, 0, 2, 19.36
1737675221, 0, 2, 274, 273, 28, 6.26%, 0, 0, 2, 130.21
1737675348, 0, 2, 275, 274, 28, 6.26%, 0, 0, 2, 18.75
1737675405, 0, 2, 276, 275, 28, 6.26%, 0, 0, 2, 15.17
1737675410, 0, 2, 279, 278, 28, 6.27%, 0, 0, 2, 103.89
1737675415, 0, 2, 281, 280, 28, 6.27%, 0, 0, 2, 81.30
1737675446, 0, 4, 282, 280, 65, 6.27%, 0, 0, 2, 74.92
1737675451, 0, 4, 286, 284, 65, 6.27%, 0, 0, 2, 23.94
1737675456, 0, 4, 296, 294, 65, 6.30%, 0, 0, 2, 25.38
1737675461, 0, 4, 304, 302, 65, 6.30%, 0, 0, 2, 26.25
1737675467, 0, 4, 306, 304, 65, 6.30%, 0, 0, 2, 24.57
1737675482, 0, 4, 310, 308, 65, 6.31%, 0, 0, 2, 25.86
1737675487, 0, 4, 312, 310, 65, 6.31%, 0, 0, 2, 24.74
1737675513, 0, 4, 313, 311, 65, 6.31%, 0, 0, 2, 26.31
1737675600, 0, 4, 316, 314, 65, 6.31%, 0, 0, 2, 27.18
1737675605, 0, 4, 317, 315, 65, 6.31%, 0, 0, 2, 26.73
1737675744, 0, 4, 318, 316, 65, 6.31%, 0, 0, 2, 26.61
1737675770, 0, 4, 319, 317, 65, 6.31%, 0, 0, 2, 26.62
1737675949, 0, 5, 319, 316, 67, 6.31%, 0, 0, 2, 17.95
1737675965, 0, 5, 321, 318, 67, 6.32%, 0, 0, 2, 21.40
1737675975, 0, 5, 322, 319, 67, 6.32%, 0, 0, 2, 28.21
1737675981, 0, 5, 327, 324, 67, 6.32%, 0, 0, 2, 23.87
1737675986, 0, 5, 333, 330, 67, 6.32%, 0, 0, 2, 25.75
1737675991, 0, 5, 342, 339, 67, 6.32%, 0, 0, 2, 19.97
1737675996, 0, 5, 350, 347, 67, 6.32%, 0, 0, 2, 19.28
1737676001, 0, 5, 354, 351, 67, 6.32%, 0, 0, 2, 17.43
1737676006, 0, 5, 359, 356, 67, 6.32%, 0, 0, 2, 16.55
1737676011, 0, 5, 361, 358, 67, 6.32%, 0, 0, 2, 16.62
1737676016, 0, 5, 365, 362, 67, 6.32%, 0, 0, 2, 16.29
1737676021, 0, 5, 369, 366, 67, 6.32%, 0, 0, 2, 14.78
1737676027, 0, 5, 371, 368, 67, 6.32%, 0, 0, 2, 15.98
1737676032, 0, 5, 372, 369, 67, 6.32%, 0, 0, 2, 15.38
1737676037, 0, 5, 374, 371, 67, 6.32%, 0, 0, 2, 15.59
1737676052, 0, 5, 375, 372, 67, 6.32%, 0, 0, 2, 13.91
1737676057, 0, 5, 378, 375, 67, 6.32%, 0, 0, 2, 13.77
1737676062, 0, 5, 379, 376, 67, 6.32%, 0, 0, 2, 14.00
1737676093, 0, 5, 381, 378, 67, 6.32%, 0, 0, 2, 12.58
1737676098, 0, 5, 382, 379, 67, 6.32%, 0, 0, 2, 13.10
1737676103, 0, 5, 383, 380, 67, 6.32%, 0, 0, 2, 13.71
1737676165, 0, 5, 384, 381, 67, 6.32%, 0, 0, 2, 13.57
1737676287, 0, 5, 385, 382, 67, 6.32%, 0, 0, 2, 18.81
1737676293, 0, 5, 386, 383, 67, 6.32%, 0, 0, 2, 16.08
1737676328, 0, 5, 387, 384, 67, 6.32%, 0, 0, 2, 14.42
1737676338, 0, 5, 388, 385, 67, 6.32%, 0, 0, 2, 14.96
1737676523, 0, 5, 390, 387, 67, 6.33%, 0, 0, 2, 25.15
1737676672, 0, 5, 391, 388, 67, 6.33%, 0, 0, 2, 16.93
1737678484, 0, 5, 392, 389, 67, 6.33%, 0, 0, 2, 14.56
1737678766, 0, 5, 393, 390, 67, 6.34%, 0, 0, 2, 116.09
1737679176, 0, 7, 393, 389, 70, 6.34%, 0, 0, 2, 159.30
1737679182, 0, 7, 394, 390, 70, 6.34%, 0, 0, 2, 18.53
1737679187, 0, 7, 397, 393, 70, 6.35%, 0, 0, 2, 25.86
1737679192, 0, 7, 400, 396, 70, 6.35%, 0, 0, 2, 23.62
1737679197, 0, 7, 404, 400, 70, 6.35%, 0, 0, 2, 25.01
1737679228, 0, 7, 406, 402, 70, 6.35%, 0, 0, 2, 25.93
1737679263, 0, 7, 407, 403, 70, 6.35%, 0, 0, 2, 23.65
1737679878, 0, 7, 408, 404, 70, 6.35%, 0, 0, 2, 174.25
1737679920, 0, 7, 409, 405, 70, 6.35%, 0, 0, 2, 26.23
1737679981, 0, 8, 409, 404, 70, 6.35%, 0, 0, 2, 31.10
1737680064, 0, 8, 413, 408, 70, 6.37%, 0, 0, 2, 13.68
1737680069, 0, 8, 415, 410, 70, 6.37%, 0, 0, 2, 16.65
1737680105, 0, 8, 416, 411, 70, 6.37%, 0, 0, 2, 25.96
1737680110, 0, 8, 420, 415, 70, 6.37%, 0, 0, 2, 34.20
1737680115, 0, 8, 422, 417, 70, 6.37%, 0, 0, 2, 22.71
1737680120, 0, 8, 423, 418, 70, 6.37%, 0, 0, 2, 19.73
1737680125, 0, 8, 426, 421, 70, 6.37%, 0, 0, 2, 18.53
1737680146, 0, 8, 427, 422, 70, 6.37%, 0, 0, 2, 16.71
1737680151, 0, 8, 428, 423, 70, 6.37%, 0, 0, 2, 18.11
1737680156, 0, 8, 430, 425, 70, 6.37%, 0, 0, 2, 18.32
1737680161, 0, 8, 431, 426, 70, 6.37%, 0, 0, 2, 15.81
1737680166, 0, 8, 433, 428, 70, 6.37%, 0, 0, 2, 17.31
1737680202, 0, 8, 434, 429, 70, 6.37%, 0, 0, 2, 16.17
1737680218, 0, 8, 435, 430, 70, 6.37%, 0, 0, 2, 16.83
1737680228, 0, 8, 436, 431, 70, 6.37%, 0, 0, 2, 15.88
1737680259, 0, 8, 438, 433, 70, 6.37%, 0, 0, 2, 17.47
1737680310, 0, 8, 439, 434, 70, 6.37%, 0, 0, 2, 15.70
1737680398, 0, 8, 440, 435, 70, 6.37%, 0, 0, 2, 14.99
1737680475, 0, 8, 441, 436, 70, 6.37%, 0, 0, 2, 16.05
1737680516, 0, 8, 442, 437, 70, 6.37%, 0, 0, 2, 14.40
1737680619, 0, 8, 443, 438, 70, 6.37%, 0, 0, 2, 15.61
1737680891, 0, 8, 444, 439, 70, 6.37%, 0, 0, 2, 13.68
1737680902, 0, 8, 445, 440, 70, 6.38%, 0, 0, 2, 14.63
1737681301, 0, 8, 446, 441, 70, 6.38%, 0, 0, 2, 12.48
1737681656, 0, 8, 448, 443, 70, 6.39%, 0, 0, 2, 15.04
1737681702, 0, 8, 449, 444, 70, 6.39%, 0, 0, 2, 20.66
1737681748, 0, 8, 450, 445, 70, 6.39%, 0, 0, 2, 17.45
1737683206, 0, 8, 451, 446, 70, 6.40%, 0, 0, 2, 12.70
1737683252, 0, 8, 452, 447, 70, 6.40%, 0, 0, 2, 23.29
1737685244, 0, 8, 454, 449, 70, 6.41%, 0, 0, 2, 14.31
1737685726, 0, 8, 455, 450, 70, 6.41%, 0, 0, 2, 23.42
1737690764, 0, 8, 456, 451, 70, 6.41%, 0, 0, 2, 15.04
1737690769, 0, 8, 457, 452, 70, 6.41%, 0, 0, 2, 15.03
1737698659, 0, 8, 458, 453, 70, 6.41%, 0, 0, 2, 120.36
1737708514, 0, 8, 459, 454, 70, 6.41%, 0, 0, 2, 13.38
1737710896, 0, 8, 461, 456, 70, 6.42%, 0, 0, 2, 155.84
1737711203, 0, 8, 462, 457, 70, 6.42%, 0, 0, 2, 21.73
1737711209, 0, 8, 463, 458, 70, 6.42%, 0, 0, 2, 21.81
1737715064, 0, 8, 464, 459, 70, 6.42%, 0, 0, 2, 16.15
1737715998, 0, 8, 465, 460, 70, 6.42%, 0, 0, 2, 14.33
1737717475, 0, 8, 466, 461, 70, 6.42%, 0, 0, 2, 8.47
1737719661, 0, 8, 467, 462, 70, 6.42%, 0, 0, 2, 20.23
1737719666, 0, 9, 467, 461, 81, 6.42%, 0, 0, 2, 33.98
1737719672, 0, 9, 469, 463, 81, 6.42%, 0, 0, 2, 21.45
1737719677, 0, 9, 472, 466, 81, 6.43%, 0, 0, 2, 27.99
1737719682, 0, 9, 475, 469, 81, 6.43%, 0, 0, 2, 21.50
1737720606, 0, 10, 475, 468, 86, 6.43%, 0, 0, 2, 31.37
1737720627, 0, 10, 477, 470, 86, 6.45%, 0, 0, 2, 14.16
1737720632, 0, 10, 479, 472, 86, 6.45%, 0, 0, 2, 91.16
1737720637, 0, 10, 480, 473, 86, 6.46%, 0, 0, 2, 18.15
1737720647, 0, 10, 482, 475, 86, 6.46%, 0, 0, 2, 27.23
1737720652, 0, 10, 483, 476, 86, 6.46%, 0, 0, 2, 161.47
1737720699, 0, 10, 485, 478, 86, 6.47%, 0, 0, 2, 18.46
1737720704, 0, 10, 493, 486, 86, 6.47%, 0, 0, 2, 20.91
1737720709, 0, 10, 502, 495, 86, 6.47%, 0, 0, 2, 23.19
1737720714, 0, 10, 505, 498, 86, 6.47%, 0, 0, 2, 23.23
1737720719, 0, 10, 508, 501, 86, 6.48%, 0, 0, 2, 23.08
1737720724, 0, 10, 509, 502, 86, 6.48%, 0, 0, 2, 22.59
1737720729, 0, 10, 510, 503, 86, 6.48%, 0, 0, 2, 27.94
1737720734, 0, 10, 512, 505, 86, 6.48%, 0, 0, 2, 27.15
1737720750, 0, 10, 513, 506, 86, 6.48%, 0, 0, 2, 24.01
1737720760, 0, 10, 514, 507, 86, 6.48%, 0, 0, 2, 25.06
1737720908, 0, 10, 515, 508, 86, 6.48%, 0, 0, 2, 28.33
1737720934, 0, 10, 516, 509, 86, 6.48%, 0, 0, 2, 21.84
1737720955, 0, 10, 517, 510, 86, 6.48%, 0, 0, 2, 22.88
1737721037, 0, 10, 518, 511, 86, 6.48%, 0, 0, 2, 39.97
1737721278, 0, 10, 519, 512, 86, 6.48%, 0, 0, 2, 20.44
1737721283, 0, 10, 520, 513, 86, 6.48%, 0, 0, 2, 18.53
1737721499, 0, 10, 521, 514, 86, 6.48%, 0, 0, 2, 23.62
1737721869, 0, 10, 522, 515, 86, 6.48%, 0, 0, 2, 173.73
1737722254, 0, 10, 523, 516, 86, 6.48%, 0, 0, 2, 37.93
1737722264, 0, 10, 524, 517, 86, 6.48%, 0, 0, 2, 29.04
1737722732, 0, 10, 525, 518, 86, 6.48%, 0, 0, 2, 25.35
1737722808, 0, 10, 526, 519, 86, 6.48%, 0, 0, 2, 22.94
1737723393, 0, 10, 527, 520, 86, 6.48%, 0, 0, 2, 26.09
1737723639, 0, 10, 528, 521, 86, 6.48%, 0, 0, 2, 22.85
1737723685, 0, 10, 529, 522, 86, 6.48%, 0, 0, 2, 23.25
1737723747, 0, 10, 530, 523, 86, 6.48%, 0, 0, 2, 22.97
1737723783, 0, 10, 532, 525, 86, 6.48%, 0, 0, 2, 22.83
1737724444, 0, 10, 533, 526, 86, 6.48%, 0, 0, 2, 20.76
1737724824, 0, 10, 534, 527, 86, 6.49%, 0, 0, 2, 77.03
1737725019, 0, 10, 535, 528, 86, 6.49%, 0, 0, 2, 26.75
1737725834, 0, 10, 536, 529, 86, 6.49%, 0, 0, 2, 133.58
1737726465, 0, 10, 537, 530, 86, 6.49%, 0, 0, 2, 24.46
1737726486, 0, 10, 538, 531, 86, 6.49%, 0, 0, 2, 29.33
1737726655, 0, 10, 539, 532, 86, 6.49%, 0, 0, 2, 28.42
1737726675, 0, 10, 540, 533, 86, 6.49%, 0, 0, 2, 23.71
1737727475, 0, 10, 541, 534, 86, 6.49%, 0, 0, 2, 28.81
1737727480, 0, 10, 542, 535, 86, 6.50%, 0, 0, 2, 85.67
1737727932, 0, 10, 543, 536, 86, 6.50%, 0, 0, 2, 25.57
1737727973, 0, 10, 544, 537, 86, 6.50%, 0, 0, 2, 25.39
1737728619, 0, 10, 545, 538, 86, 6.50%, 0, 0, 2, 22.89
1737729384, 0, 11, 545, 537, 102, 6.50%, 0, 0, 2, 35.11
1737729389, 0, 11, 546, 538, 102, 6.51%, 0, 0, 2, 27.92
1737729394, 0, 11, 550, 542, 102, 6.52%, 0, 0, 2, 30.12
1737729400, 0, 11, 552, 544, 102, 6.52%, 0, 0, 2, 133.03
1737729405, 0, 11, 556, 548, 102, 6.54%, 0, 0, 2, 21.40
1737729415, 0, 11, 559, 551, 102, 6.55%, 0, 0, 2, 35.79
1737729420, 0, 11, 563, 555, 102, 6.55%, 0, 0, 2, 28.41
1737729425, 0, 11, 569, 561, 102, 6.56%, 0, 0, 2, 25.68
1737729430, 0, 11, 575, 567, 102, 6.56%, 0, 0, 2, 24.93
1737729436, 0, 11, 577, 569, 102, 6.56%, 0, 0, 2, 24.71
1737729441, 0, 11, 579, 571, 102, 6.56%, 0, 0, 2, 33.85
1737729446, 0, 11, 580, 572, 102, 6.56%, 0, 0, 2, 25.41
1737729466, 0, 11, 581, 573, 102, 6.56%, 0, 0, 2, 24.55
1737729482, 0, 11, 583, 575, 102, 6.57%, 0, 0, 2, 19.70
1737729487, 0, 11, 586, 578, 102, 6.57%, 0, 0, 2, 22.34
1737729543, 0, 11, 588, 580, 102, 6.57%, 0, 0, 2, 18.11
1737729600, 0, 11, 589, 581, 102, 6.58%, 0, 0, 2, 81.23
1737729884, 0, 11, 590, 582, 102, 6.58%, 0, 0, 2, 24.32
1737729920, 0, 11, 591, 583, 102, 6.58%, 0, 0, 2, 23.76
1737729961, 0, 11, 592, 584, 102, 6.58%, 0, 0, 2, 22.25
1737730069, 0, 11, 593, 585, 102, 6.58%, 0, 0, 2, 150.71
1737730177, 0, 11, 594, 586, 102, 6.58%, 0, 0, 2, 26.85
1737730346, 0, 11, 595, 587, 102, 6.58%, 0, 0, 2, 23.62
1737730372, 0, 11, 596, 588, 102, 6.58%, 0, 0, 2, 26.46
1737730690, 0, 11, 598, 590, 102, 6.58%, 0, 0, 2, 155.56
1737730710, 0, 11, 600, 592, 102, 6.61%, 0, 0, 2, 12.55
1737730741, 0, 11, 601, 593, 102, 6.61%, 0, 0, 2, 126.76
1737730849, 0, 11, 602, 594, 102, 6.61%, 0, 0, 2, 31.53
1737730935, 0, 11, 603, 595, 102, 6.61%, 0, 0, 2, 22.48
1737730946, 0, 11, 604, 596, 102, 6.61%, 0, 0, 2, 23.89
1737730976, 0, 11, 605, 597, 102, 6.61%, 0, 0, 2, 23.50
1737730987, 0, 11, 609, 601, 102, 6.61%, 0, 0, 2, 179.12
1737730997, 0, 11, 611, 603, 102, 6.61%, 0, 0, 2, 119.94
1737731007, 0, 11, 612, 604, 102, 6.62%, 0, 0, 2, 121.95
1737731012, 0, 13, 612, 603, 123, 6.62%, 0, 0, 2, 95.93
1737731023, 0, 13, 614, 605, 123, 6.63%, 0, 0, 2, 19.88
1737731028, 0, 13, 618, 609, 123, 6.63%, 0, 0, 2, 34.56
1737731033, 0, 13, 620, 611, 123, 6.64%, 0, 0, 2, 27.48
1737731038, 0, 13, 623, 614, 123, 6.64%, 0, 0, 2, 27.09
1737731059, 0, 13, 625, 616, 123, 6.64%, 0, 0, 2, 14.25
1737731084, 0, 13, 626, 617, 123, 6.64%, 0, 0, 2, 24.92
1737731177, 0, 13, 627, 618, 123, 6.64%, 0, 0, 2, 27.41
1737731202, 0, 13, 628, 619, 123, 6.64%, 0, 0, 2, 26.84
1737731212, 0, 13, 629, 620, 123, 6.64%, 0, 0, 2, 28.06
1737731233, 0, 13, 630, 621, 123, 6.64%, 0, 0, 2, 27.15
1737731279, 0, 13, 631, 622, 123, 6.64%, 0, 0, 2, 21.78
1737731439, 0, 13, 632, 623, 123, 6.64%, 0, 0, 2, 26.00
1737731927, 0, 13, 633, 624, 123, 6.64%, 0, 0, 2, 33.77
1737734950, 0, 13, 634, 625, 123, 6.64%, 0, 0, 2, 170.45
1737736228, 0, 13, 635, 626, 123, 6.65%, 0, 0, 2, 123.71
1737736233, 0, 13, 636, 627, 123, 6.65%, 0, 0, 2, 138.13
1737737293, 0, 13, 637, 628, 123, 6.65%, 0, 0, 2, 16.14
1737737463, 0, 13, 638, 629, 123, 6.65%, 0, 0, 2, 23.85
1737737705, 0, 13, 639, 630, 123, 6.65%, 0, 0, 2, 21.94
1737737716, 0, 13, 644, 635, 123, 6.65%, 0, 0, 2, 116.41
1737737721, 0, 13, 645, 636, 123, 6.66%, 0, 0, 2, 86.67
1737737726, 0, 13, 647, 638, 123, 6.66%, 0, 0, 2, 88.98
1737737731, 0, 13, 648, 639, 123, 6.66%, 0, 0, 2, 96.09
1737737746, 0, 14, 648, 638, 132, 6.66%, 0, 0, 2, 16.46
1737737752, 0, 14, 650, 640, 132, 6.66%, 0, 0, 2, 20.53
1737737757, 0, 14, 654, 644, 132, 6.67%, 0, 0, 2, 32.81
1737737767, 0, 14, 656, 646, 132, 6.67%, 0, 0, 2, 24.60
1737737772, 0, 14, 660, 650, 132, 6.67%, 0, 0, 2, 26.79
1737737793, 0, 14, 663, 653, 132, 6.67%, 0, 0, 2, 28.76
1737737818, 0, 14, 665, 655, 132, 6.67%, 0, 0, 2, 30.54
1737737915, 0, 14, 666, 656, 132, 6.67%, 0, 0, 2, 26.99
1737737956, 0, 14, 667, 657, 132, 6.67%, 0, 0, 2, 30.25
